1.000000  0.516748  0.224292  0.076838  0.000000  0.000000  0.000000  0.000000  0.000000  0.000000  0.000000  0.000000  0.000000  0.000000  0.000000  0.000000  14.400360  18.866568  14.369165  7.003610   | 34.536325
0.000000  1.000000  0.499010  0.192827  0.000000  0.000000  0.000000  0.000000  0.000000  0.000000  0.000000  0.000000  0.000000  0.000000  0.000000  0.000000  11.935285  19.869420  19.268410  11.229998   | 39.080887
0.000000  0.000000  1.000000  0.435439  0.000000  0.000000  0.000000  0.000000  0.000000  0.000000  0.000000  0.000000  0.000000  0.000000  0.000000  0.000000  5.812205  12.983171  17.467032  12.752376   | 30.944087
0.000000  0.000000  0.000000  1.000000  0.000000  0.000000  0.000000  0.000000  0.000000  0.000000  0.000000  0.000000  0.000000  0.000000  0.000000  0.000000  1.697749  5.072938  9.076466  8.441842   | 15.687906
0.000000  0.000000  0.000000  0.000000  1.000000  -0.000000  -0.000000  -0.000000  -0.000000  -0.000000  -0.000000  -0.000000  -0.000000  -0.000000  -0.000000  -0.000000  0.088489  0.115944  0.088317  0.043051   | 0.789940
0.000000  0.000000  0.000000  0.000000  0.000000  1.000000  -0.000000  -0.000000  -0.000000  -0.000000  -0.000000  -0.000000  -0.000000  -0.000000  -0.000000  -0.000000  0.115944  0.176806  0.158996  0.088317   | 0.913765
0.000000  0.000000  0.000000  0.000000  0.000000  0.000000  1.000000  -0.000000  -0.000000  -0.000000  -0.000000  -0.000000  -0.000000  -0.000000  -0.000000  -0.000000  0.088317  0.158996  0.176806  0.115944   | 0.915429
0.000000  0.000000  0.000000  0.000000  0.000000  0.000000  0.000000  1.000000  -0.000000  -0.000000  -0.000000  -0.000000  -0.000000  -0.000000  -0.000000  -0.000000  0.043051  0.088317  0.115944  0.088489   | 0.794272
0.000000  0.000000  0.000000  0.000000  0.000000  0.000000  0.000000  0.000000  1.000000  -0.000000  -0.000000  -0.000000  -0.000000  -0.000000  -0.000000  -0.000000  0.119749  0.165047  0.135630  0.071414   | 1.249393
0.000000  0.000000  0.000000  0.000000  0.000000  0.000000  0.000000  0.000000  0.000000  1.000000  -0.000000  -0.000000  -0.000000  -0.000000  -0.000000  -0.000000  0.165047  0.255379  0.236461  0.135630   | 1.433696
0.000000  0.000000  0.000000  0.000000  0.000000  0.000000  0.000000  0.000000  0.000000  0.000000  1.000000  -0.000000  -0.000000  -0.000000  -0.000000  -0.000000  0.135630  0.236461  0.255379  0.165047   | 1.438053
0.000000  0.000000  0.000000  0.000000  0.000000  0.000000  0.000000  0.000000  0.000000  0.000000  0.000000  1.000000  -0.000000  -0.000000  -0.000000  -0.000000  0.071414  0.135630  0.165047  0.119749   | 1.261757
0.000000  0.000000  0.000000  0.000000  0.000000  0.000000  0.000000  0.000000  0.000000  0.000000  0.000000  0.000000  1.000000  -0.000000  -0.000000  -0.000000  0.133870  0.187756  0.158178  0.085273   | 1.295221
0.000000  0.000000  0.000000  0.000000  0.000000  0.000000  0.000000  0.000000  0.000000  0.000000  0.000000  0.000000  0.000000  1.000000  -0.000000  -0.000000  0.187756  0.292048  0.273030  0.158178   | 1.508596
0.000000  0.000000  0.000000  0.000000  0.000000  0.000000  0.000000  0.000000  0.000000  0.000000  0.000000  0.000000  0.000000  0.000000  1.000000  -0.000000  0.158178  0.273030  0.292048  0.187756   | 1.514905
0.000000  0.000000  0.000000  0.000000  0.000000  0.000000  0.000000  0.000000  0.000000  0.000000  0.000000  0.000000  0.000000  0.000000  0.000000  1.000000  0.085273  0.158178  0.187756  0.133870   | 1.313440
0.000000  0.000000  0.000000  0.000000  0.000000  0.000000  0.000000  0.000000  0.000000  0.000000  0.000000  0.000000  0.000000  0.000000  0.000000  0.000000  1.000000  0.174107  0.148104  0.080556   | 0.834550
0.000000  0.000000  0.000000  0.000000  0.000000  0.000000  0.000000  0.000000  0.000000  0.000000  0.000000  0.000000  0.000000  0.000000  0.000000  0.000000  0.000000  1.000000  0.204759  0.119950   | 0.793342
0.000000  0.000000  0.000000  0.000000  0.000000  0.000000  0.000000  0.000000  0.000000  0.000000  0.000000  0.000000  0.000000  0.000000  0.000000  0.000000  0.000000  0.000000  1.000000  0.124823   | 0.677819
0.000000  0.000000  0.000000  0.000000  0.000000  0.000000  0.000000  0.000000  0.000000  0.000000  0.000000  0.000000  0.000000  0.000000  0.000000  0.000000  0.000000  0.000000  0.000000  1.000000   | 0.606896
